266
351
90
187
321
357
11
481
214
232
146
264
128
259
167
226
33
154
158
483
411
14
162
39
309
344
463
62
377
212
334
104
89
445
4
178
60
69
468
367
127
290
71
138
113
400
207
378
107
190
286
95
401
173
455
37
360
98
262
61
370
307
248
359
352
389
325
446
55
197
148
473
116
469
25
402
282
355
139
182
144
256
291
499
239
265
315
489
211
296
225
452
229
436
65
305
364
372
396
135
480
125
58
159
96
454
475
238
412
318
52
288
204
427
223
369
492
461
32
284
403
423
42
429
254
482
470
477
38
177
111
485
260
395
246
308
218
285
165
306
293
368
386
8
115
388
471
66
217
29
451
94
251
136
407
155
405
122
224
140
19
450
331
302
221
193
484
231
356
250
255
276
97
83
46
203
70
189
93
244
442
444
371
64
486
188
230
311
349
277
366
337
435
421
92
419
129
431
44
101
443
31
494
206
1
6
36
441
220
398
7
210
317
192
34
57
234
385
312
10
314
376
496
472
80
118
133
460
76
185
383
384
289
425
339
164
184
415
270
131
278
397
181
433
448
2
375
459
275
201
142
22
237
387
487
216
420
440
267
295
163
406
40
363
168
310
458
82
109
479
45
119
414
174
297
215
343
346
467
373
106
281
335
324
24
91
152
410
253
85
495
394
301
240
242
269
63
87
18
28
408
322
227
439
23
365
50
491
292
417
166
462
273
41
151
422
196
426
437
245
274
121
12
77
330
43
176
300
183
114
179
263
488
243
474
247
233
156
194
67
299
5
103
391
404
392
271
47
160
51
120
287
361
438
328
258
358
362
490
326
21
78
457
172
213
209
171
137
20
208
336
342
134
393
354
199
413
416
117
298
380
74
434
84
123
49
141
73
347
466
200
0
110
126
316
432
195
390
327
381
170
382
27
261
17
323
353
249
319
350
26
175
222
202
88
257
81
68
79
320
493
53
9
464
143
198
108
374
75
105
399
283
35
228
329
150
430
348
456
180
72
15
124
313
191
99
428
130
169
102
236
272
59
294
279
241
157
235
30
303
186
161
409
333
498
56
268
86
341
476
478
16
100
280
54
418
497
332
345
205
453
112
149
145
338
3
13
447
153
219
379
252
465
304
147
48
424
132
449
340
